{
  "nbformat": 4,
  "nbformat_minor": 0,
  "metadata": {
    "colab": {
      "provenance": [],
      "authorship_tag": "ABX9TyMMBRHfNai2hiVmGihQJ7kE",
      "include_colab_link": true
    },
    "kernelspec": {
      "name": "python3",
      "display_name": "Python 3"
    },
    "language_info": {
      "name": "python"
    }
  },
  "cells": [
    {
      "cell_type": "markdown",
      "metadata": {
        "id": "view-in-github",
        "colab_type": "text"
      },
      "source": [
        "<a href=\"https://colab.research.google.com/github/ibrohim747/MathInPython/blob/main/005_Algebra_1/Multiplication_table.ipynb\" target=\"_parent\"><img src=\"https://colab.research.google.com/assets/colab-badge.svg\" alt=\"Open In Colab\"/></a>"
      ]
    },
    {
      "cell_type": "code",
      "execution_count": 3,
      "metadata": {
        "id": "6xkmm9CDVKqo"
      },
      "outputs": [],
      "source": [
        "import sympy as sym\n",
        "import numpy as np\n",
        "from IPython.display import display, Math"
      ]
    },
    {
      "cell_type": "markdown",
      "source": [
        "My version"
      ],
      "metadata": {
        "id": "22XPSaViaGU1"
      }
    },
    {
      "cell_type": "code",
      "source": [
        "xyset = range(0,11)\n",
        "\n",
        "outmat = np.zeros([len(xyset), len(xyset)])\n",
        "\n",
        "for i in xyset:\n",
        "    for j in xyset:\n",
        "        outmat[i,j] = i * j\n",
        "\n",
        "outmat2 = np.zeros([10,10])\n",
        "\n",
        "for i in range(0,10):\n",
        "    for j in range(0,10):\n",
        "        outmat2[i,j] = outmat[i+1,j+1]\n",
        "\n",
        "display(Math(sym.latex(sym.sympify(outmat2))))"
      ],
      "metadata": {
        "colab": {
          "base_uri": "https://localhost:8080/",
          "height": 220
        },
        "id": "6T5lGqsOVfiG",
        "outputId": "a34c206c-b03e-452c-ec07-81f7a4544274"
      },
      "execution_count": 32,
      "outputs": [
        {
          "output_type": "display_data",
          "data": {
            "text/plain": [
              "<IPython.core.display.Math object>"
            ],
            "text/latex": "$\\displaystyle \\left[\\begin{matrix}1.0 & 2.0 & 3.0 & 4.0 & 5.0 & 6.0 & 7.0 & 8.0 & 9.0 & 10.0\\\\2.0 & 4.0 & 6.0 & 8.0 & 10.0 & 12.0 & 14.0 & 16.0 & 18.0 & 20.0\\\\3.0 & 6.0 & 9.0 & 12.0 & 15.0 & 18.0 & 21.0 & 24.0 & 27.0 & 30.0\\\\4.0 & 8.0 & 12.0 & 16.0 & 20.0 & 24.0 & 28.0 & 32.0 & 36.0 & 40.0\\\\5.0 & 10.0 & 15.0 & 20.0 & 25.0 & 30.0 & 35.0 & 40.0 & 45.0 & 50.0\\\\6.0 & 12.0 & 18.0 & 24.0 & 30.0 & 36.0 & 42.0 & 48.0 & 54.0 & 60.0\\\\7.0 & 14.0 & 21.0 & 28.0 & 35.0 & 42.0 & 49.0 & 56.0 & 63.0 & 70.0\\\\8.0 & 16.0 & 24.0 & 32.0 & 40.0 & 48.0 & 56.0 & 64.0 & 72.0 & 80.0\\\\9.0 & 18.0 & 27.0 & 36.0 & 45.0 & 54.0 & 63.0 & 72.0 & 81.0 & 90.0\\\\10.0 & 20.0 & 30.0 & 40.0 & 50.0 & 60.0 & 70.0 & 80.0 & 90.0 & 100.0\\end{matrix}\\right]$"
          },
          "metadata": {}
        }
      ]
    },
    {
      "cell_type": "markdown",
      "source": [
        "Other version"
      ],
      "metadata": {
        "id": "qfogkZbzaO4X"
      }
    },
    {
      "cell_type": "code",
      "source": [
        "outmat3 = np.zeros([len(xyset), len(xyset)])\n",
        "\n",
        "for i in xyset:\n",
        "    for j in xyset:\n",
        "        outmat3[i-1,j-1] = i * j\n",
        "\n",
        "display(Math(sym.latex(sym.sympify(outmat3))))"
      ],
      "metadata": {
        "colab": {
          "base_uri": "https://localhost:8080/",
          "height": 241
        },
        "id": "jEJJYN0KZ1bU",
        "outputId": "8f1afdd6-e588-4eb7-ac20-aea97301c519"
      },
      "execution_count": 33,
      "outputs": [
        {
          "output_type": "display_data",
          "data": {
            "text/plain": [
              "<IPython.core.display.Math object>"
            ],
            "text/latex": "$\\displaystyle \\left[\\begin{array}{ccccccccccc}1.0 & 2.0 & 3.0 & 4.0 & 5.0 & 6.0 & 7.0 & 8.0 & 9.0 & 10.0 & 0.0\\\\2.0 & 4.0 & 6.0 & 8.0 & 10.0 & 12.0 & 14.0 & 16.0 & 18.0 & 20.0 & 0.0\\\\3.0 & 6.0 & 9.0 & 12.0 & 15.0 & 18.0 & 21.0 & 24.0 & 27.0 & 30.0 & 0.0\\\\4.0 & 8.0 & 12.0 & 16.0 & 20.0 & 24.0 & 28.0 & 32.0 & 36.0 & 40.0 & 0.0\\\\5.0 & 10.0 & 15.0 & 20.0 & 25.0 & 30.0 & 35.0 & 40.0 & 45.0 & 50.0 & 0.0\\\\6.0 & 12.0 & 18.0 & 24.0 & 30.0 & 36.0 & 42.0 & 48.0 & 54.0 & 60.0 & 0.0\\\\7.0 & 14.0 & 21.0 & 28.0 & 35.0 & 42.0 & 49.0 & 56.0 & 63.0 & 70.0 & 0.0\\\\8.0 & 16.0 & 24.0 & 32.0 & 40.0 & 48.0 & 56.0 & 64.0 & 72.0 & 80.0 & 0.0\\\\9.0 & 18.0 & 27.0 & 36.0 & 45.0 & 54.0 & 63.0 & 72.0 & 81.0 & 90.0 & 0.0\\\\10.0 & 20.0 & 30.0 & 40.0 & 50.0 & 60.0 & 70.0 & 80.0 & 90.0 & 100.0 & 0.0\\\\0.0 & 0.0 & 0.0 & 0.0 & 0.0 & 0.0 & 0.0 & 0.0 & 0.0 & 0.0 & 0.0\\end{array}\\right]$"
          },
          "metadata": {}
        }
      ]
    }
  ]
}